[gd_scene load_steps=12 format=3 uid="uid://ug3rs383rd8g"]

[ext_resource type="Script" path="res://Scenes/game.gd" id="1_50n6b"]
[ext_resource type="PackedScene" uid="uid://65w17xmk8mqq" path="res://Scenes/lane.tscn" id="1_peffo"]
[ext_resource type="PackedScene" uid="uid://cg5sgp5q3bsfb" path="res://Assets/3d_objects/3m5jam11.glb" id="2_8xq6q"]
[ext_resource type="PackedScene" uid="uid://c8jkhdwbodrc3" path="res://Scenes/Ui/Hud.tscn" id="3_cfnx0"]
[ext_resource type="Environment" uid="uid://ciw1fp1212j6p" path="res://Scenes/env.tres" id="4_3pejh"]
[ext_resource type="Texture2D" uid="uid://v0hcbceenvpb" path="res://Assets/Textures/Ui/Inputs/keyboard/keyboard_arrows_left.png" id="4_y2bq7"]
[ext_resource type="Texture2D" uid="uid://dsh37apcgajsd" path="res://Assets/Textures/Ui/Inputs/keyboard/keyboard_arrows_up.png" id="5_2hghs"]
[ext_resource type="Texture2D" uid="uid://bk1q4dma8pw3g" path="res://Assets/Textures/Ui/Inputs/xbox/xbox_stick_l_left.png" id="5_sc4yb"]
[ext_resource type="Texture2D" uid="uid://dfsc1j4j5kvve" path="res://Assets/Textures/Ui/Inputs/keyboard/keyboard_arrows_right.png" id="6_rivyf"]
[ext_resource type="Texture2D" uid="uid://5gxl5gwiw3bh" path="res://Assets/Textures/Ui/Inputs/xbox/xbox_stick_l_up.png" id="7_g00ud"]
[ext_resource type="Texture2D" uid="uid://dk41wfkgtvb57" path="res://Assets/Textures/Ui/Inputs/xbox/xbox_stick_l_right.png" id="9_ibxc1"]

[node name="Game" type="Node3D" node_paths=PackedStringArray("menu", "camera", "camera_position_title", "camera_position_game", "lanes_node", "tower_switch_timer", "summon_streak_timer")]
script = ExtResource("1_50n6b")
menu = NodePath("Control")
camera = NodePath("Camera3D")
camera_position_title = NodePath("CameraTitlePosition")
camera_position_game = NodePath("CameraGamePosition")
lanes_node = NodePath("Lanes")
tower_switch_timer = NodePath("TowerSwitchTimer")
summon_streak_timer = NodePath("SummonStreakTimer")

[node name="3m5jam11" parent="." instance=ExtResource("2_8xq6q")]

[node name="Lanes" type="Node3D" parent="."]
visible = false

[node name="Lane1" parent="Lanes" instance=ExtResource("1_peffo")]
transform = Transform3D(1, 0, 0, 0, 1, 0, 0, 0, 1, -6, 0, 0)

[node name="KeyboardControl" type="Sprite3D" parent="Lanes/Lane1"]
transform = Transform3D(1, 0, 0, 0, 0.370444, 0.928855, 0, -0.928855, 0.370444, 0, 0.571125, 13.0581)
texture = ExtResource("4_y2bq7")

[node name="JoypadControl" type="Sprite3D" parent="Lanes/Lane1"]
transform = Transform3D(1, 0, 0, 0, 0.370444, 0.928855, 0, -0.928855, 0.370444, 0, 0.571125, 13.0581)
texture = ExtResource("5_sc4yb")

[node name="Lane2" parent="Lanes" instance=ExtResource("1_peffo")]

[node name="KeyboardControl" type="Sprite3D" parent="Lanes/Lane2"]
transform = Transform3D(1, 0, 0, 0, 0.370444, 0.928855, 0, -0.928855, 0.370444, 0, 0.571, 13.058)
texture = ExtResource("5_2hghs")

[node name="JoypadControl" type="Sprite3D" parent="Lanes/Lane2"]
transform = Transform3D(1, 0, 0, 0, 0.370444, 0.928855, 0, -0.928855, 0.370444, 0, 0.571, 13.058)
texture = ExtResource("7_g00ud")

[node name="Lane3" parent="Lanes" instance=ExtResource("1_peffo")]
transform = Transform3D(1, 0, 0, 0, 1, 0, 0, 0, 1, 6, 0, 0)

[node name="KeyboardControl" type="Sprite3D" parent="Lanes/Lane3"]
transform = Transform3D(1, 0, 0, 0, 0.370444, 0.928855, 0, -0.928855, 0.370444, 0, 0.571, 13.058)
texture = ExtResource("6_rivyf")

[node name="JoypadControl" type="Sprite3D" parent="Lanes/Lane3"]
transform = Transform3D(1, 0, 0, 0, 0.370444, 0.928855, 0, -0.928855, 0.370444, 0, 0.571, 13.058)
texture = ExtResource("9_ibxc1")

[node name="Camera3D" type="Camera3D" parent="."]
transform = Transform3D(1, 0, 0, 0, 0.826098, 0.563526, 0, -0.563526, 0.826098, 0, 20, 33)
fov = 30.0

[node name="WorldEnvironment" type="WorldEnvironment" parent="."]
environment = ExtResource("4_3pejh")

[node name="Control" parent="." instance=ExtResource("3_cfnx0")]

[node name="DirectionalLight3D" type="DirectionalLight3D" parent="."]
transform = Transform3D(-0.780802, 0.00654079, -0.624745, -0.582176, -0.370542, 0.72372, -0.22676, 0.928793, 0.293128, 0, 11.4597, 16.8325)
light_energy = 0.5
shadow_enabled = true
shadow_opacity = 0.5
shadow_blur = 3.0

[node name="TowerSwitchTimer" type="Timer" parent="."]

[node name="SummonStreakTimer" type="Timer" parent="."]
one_shot = true

[node name="CameraGamePosition" type="Marker3D" parent="."]
transform = Transform3D(1, 0, 0, 0, 0.826098, 0.563526, 0, -0.563526, 0.826098, 0, 20, 33)

[node name="CameraTitlePosition" type="Marker3D" parent="."]
transform = Transform3D(1, 0, 0, 0, 0.996195, 0.0871557, 0, -0.0871557, 0.996195, 0, 7.5, 37.5)
